
== ROC AUC@0.1 Scores ==
EPLPQGQLTAY : 0.7453079932604164
GILGFVFTL  : 0.6839826080858376
GLCTLVAML  : 0.7063157894736842
IPSINVHHY  : 0.5
IVTDFSVIK  : 0.49454977155808183
NLVPMVATV  : 0.573673003376154
QIKVRVDMV  : 1.0
RAKFKQLL   : 0.5141600931074615
RPHERNGFTVL : 0.5933565627433324
RPPIFIRRL  : 0.7556588229244047
TDLGQNLLY  : 0.6635512245710997
TPRVTGGGAM : 0.7191409015813075
VLEETSVML  : 1.0
VTEHDTLLY  : 0.5527518644249018
YLQPRTFLL  : 0.7351108033240998
YVLDHLIVV  : 0.7368644292016959

Macro Auc@0.1 : 0.6859014917270299
Estimated Macro Auc@0.1 : 0.6487211933816239
