best f1 score of
	0.9622931368263286
	with a threshold of 0.1204577386379242
	with recall of 0.9943472200712405
	with precision of 0.9322411247973283
== confusion matrix ==
dissimilar / similar
[[192519   1191]
 [ 14000   5221]]

== Kolmogorov Smirnov p-values ==
All        : 734.0689272404805
ATDALMTGF  : 71.82218481214184
CINGVCWTV  : 52.83390418284319
GILGFVFTL  : 735.614218251128
GLCTLVAML  : 72.70834318954542
GPRLGVRAT  : 0.07697681290084611
HPVTKYIM   : 4.245451858493638
KSKRTPMGF  : 45.077506574745335
LLWNGPMAV  : 66.47297664737317
LTDEMIAQY  : 36.07345897027057
NLVPMVATV  : 45.094518337103835
NQKLIANQF  : 0.8303767232709756
NYNYLYRLF  : 33.07551848320561
RAQAPPPSW  : 25.530449875061414
SPRWYFYYL  : 3.734354610229905
TPRVTGGGAM : 2.383206187238049
TTDPSFLGRY : 94.66833186060299
YLQPRTFLL  : 267.5168845116434
Average    : 91.63286246398813
