
== ROC AUC Score ==
All        : 0.7152295709103919
ATDALMTGF  : 0.6954148892252648
CINGVCWTV  : 0.6037698953194119
GILGFVFTL  : 0.7969703318999217
GLCTLVAML  : 0.6945953485607894
GPRLGVRAT  : 0.46008750607681087
HPVTKYIM   : 0.5143308080808081
KSKRTPMGF  : 0.7123437310353198
LLWNGPMAV  : 0.7204245184844273
LTDEMIAQY  : 0.5751402666666667
NLVPMVATV  : 0.5665644609730751
NQKLIANQF  : 0.6040956852224458
NYNYLYRLF  : 0.8926767676767677
RAQAPPPSW  : 0.9156378600823045
SPRWYFYYL  : 0.599881049058804
TPRVTGGGAM : 0.6125730994152047
TTDPSFLGRY : 0.5695589776642652
YLQPRTFLL  : 0.6563799803194227
