
== ROC AUC Score ==
All        : 0.6778915322456525
ATDALMTGF  : 0.5985097013898446
CINGVCWTV  : 0.5887345233148884
GILGFVFTL  : 0.7773733943315309
GLCTLVAML  : 0.6525353443829297
GPRLGVRAT  : 0.46264786906498134
HPVTKYIM   : 0.49892676767676764
KSKRTPMGF  : 0.699220632100836
LLWNGPMAV  : 0.5674729022512813
LTDEMIAQY  : 0.4864501333333333
NLVPMVATV  : 0.5077672768661959
NQKLIANQF  : 0.4982159624413146
NYNYLYRLF  : 0.8232323232323233
RAQAPPPSW  : 0.8198902606310012
SPRWYFYYL  : 0.6185553056804931
TPRVTGGGAM : 0.521154527733475
TTDPSFLGRY : 0.5424213811852958
YLQPRTFLL  : 0.5987222752367537
