
== ROC AUC@0.1 Scores ==
EPLPQGQLTAY : 0.8324319022929433
GILGFVFTL  : 0.8358836788240758
GLCTLVAML  : 0.6815687868319447
IPSINVHHY  : 0.5
IVTDFSVIK  : 0.5372420195672356
NLVPMVATV  : 0.6005099872503188
QIKVRVDMV  : 0.5
RAKFKQLL   : 0.6803393460176262
RPHERNGFTVL : 0.5979683364594729
RPPIFIRRL  : 0.4860386187745867
TPRVTGGGAM : 0.4810147261359878
YLQPRTFLL  : 0.8281400383055513
YVLDHLIVV  : 0.7493816778789077

Macro Auc@0.1 : 0.6392707014106654
Estimated Macro Auc@0.1 : 0.5905259559169325
