
== ROC AUC@0.1 Scores ==
EPLPQGQLTAY : 0.8333333333333334
GILGFVFTL  : 0.8340023869638169
GLCTLVAML  : 0.6478070325299017
IPSINVHHY  : 0.5
IVTDFSVIK  : 0.5319242123004043
NLVPMVATV  : 0.5697989809093359
QIKVRVDMV  : 0.5
RAKFKQLL   : 0.6469109909779602
RPHERNGFTVL : 0.5952342284622071
RPPIFIRRL  : 0.48803101389616865
TPRVTGGGAM : 0.4871063271386012
YLQPRTFLL  : 0.8180165531006951
YVLDHLIVV  : 0.7460922041946972

Macro Auc@0.1 : 0.6306351741390094
Estimated Macro Auc@0.1 : 0.5849128631903561
