
== ROC AUC@0.1 Scores ==
EPLPQGQLTAY : 0.8203421291123336
GILGFVFTL  : 0.8109832029295365
GLCTLVAML  : 0.6454230815133071
IPSINVHHY  : 0.4935768303454054
IVTDFSVIK  : 0.5329036430501434
NLVPMVATV  : 0.5721988955071662
QIKVRVDMV  : 1.0
RAKFKQLL   : 0.6420979115230749
RPHERNGFTVL : 0.589133944201949
RPPIFIRRL  : 0.5375543636021275
TDLGQNLLY  : 0.6561053010102951
TPRVTGGGAM : 0.7801900584795322
VLEETSVML  : 1.0
VTEHDTLLY  : 0.8796077470660661
YLQPRTFLL  : 0.690009804535119
YVLDHLIVV  : 0.5

Macro Auc@0.1 : 0.6968829320547536
Estimated Macro Auc@0.1 : 0.6575063456438028
