
== ROC AUC@0.1 Scores ==
EPLPQGQLTAY : 0.8307161093850934
GILGFVFTL  : 0.8292856980393941
GLCTLVAML  : 0.6479293471774675
IPSINVHHY  : 0.49510632235525853
IVTDFSVIK  : 0.4931134459078029
NLVPMVATV  : 0.5825060486714622
QIKVRVDMV  : 1.0
RAKFKQLL   : 0.6213642592104753
RPHERNGFTVL : 0.7684642851752266
RPPIFIRRL  : 0.6194298778237073
TDLGQNLLY  : 0.8304046401921277
TPRVTGGGAM : 0.771772610077964
VLEETSVML  : 1.0
VTEHDTLLY  : 0.8586101023954615
YLQPRTFLL  : 0.7019004109560465
YVLDHLIVV  : 0.49552838071736516

Macro Auc@0.1 : 0.7216332211303033
Estimated Macro Auc@0.1 : 0.6773065769042426
