
== ROC AUC@0.1 Scores ==
EPLPQGQLTAY : 0.8327765539757384
GILGFVFTL  : 0.8351424964745485
GLCTLVAML  : 0.7370807972311731
IPSINVHHY  : 0.5
IVTDFSVIK  : 0.5785582356390822
NLVPMVATV  : 0.6081111870585555
QIKVRVDMV  : 1.0
RAKFKQLL   : 0.6540238968974059
RPHERNGFTVL : 0.7849019311323577
RPPIFIRRL  : 0.6015605059389089
TDLGQNLLY  : 1.0
TPRVTGGGAM : 0.7804027113237639
VLEETSVML  : 1.0
VTEHDTLLY  : 0.9793183957967707
YLQPRTFLL  : 0.7463337296868807
YVLDHLIVV  : 0.4969771575678326

Macro Auc@0.1 : 0.7584492249201886
Estimated Macro Auc@0.1 : 0.7067593799361509
