
== ROC AUC@0.1 Scores ==
EPLPQGQLTAY : 0.8318338729315402
GILGFVFTL  : 0.8343416882742725
GLCTLVAML  : 0.7426964357458532
IPSINVHHY  : 0.49854367683359835
IVTDFSVIK  : 0.5767828662565505
NLVPMVATV  : 0.6253285509932281
QIKVRVDMV  : 1.0
RAKFKQLL   : 0.654987746123131
RPHERNGFTVL : 0.7921802369912201
RPPIFIRRL  : 0.6044658704961778
TDLGQNLLY  : 1.0
TPRVTGGGAM : 0.7880085504926976
VLEETSVML  : 1.0
VTEHDTLLY  : 0.9889524784971635
YLQPRTFLL  : 0.7409668371555849
YVLDHLIVV  : 0.4983516821053104

Macro Auc@0.1 : 0.7610900308060204
Estimated Macro Auc@0.1 : 0.7088720246448164
