
== ROC AUC Score ==
All        : 0.6196443064668405
ATDALMTGF  : 0.5461584330993992
CINGVCWTV  : 0.4891281417705172
GILGFVFTL  : 0.7000820636947784
GLCTLVAML  : 0.540262460067511
GPRLGVRAT  : 0.48293631502187656
HPVTKYIM   : 0.4668350168350168
KSKRTPMGF  : 0.603029935230445
LLWNGPMAV  : 0.6350775923404758
LTDEMIAQY  : 0.49758613333333335
NLVPMVATV  : 0.5368590594648484
NQKLIANQF  : 0.5297920858484239
NYNYLYRLF  : 0.8765106421356421
RAQAPPPSW  : 0.6905349794238683
SPRWYFYYL  : 0.4875270697984342
TPRVTGGGAM : 0.6525341130604287
TTDPSFLGRY : 0.5416413529486681
YLQPRTFLL  : 0.5655179599704636
