
== ROC AUC Score ==
All        : 0.7137906741979322
ATDALMTGF  : 0.677627631760011
CINGVCWTV  : 0.6235622584885014
GILGFVFTL  : 0.7704778181866783
GLCTLVAML  : 0.8017011251393173
GPRLGVRAT  : 0.6424566520823205
HPVTKYIM   : 0.6308080808080808
KSKRTPMGF  : 0.8239765049450691
LLWNGPMAV  : 0.6215337223175397
LTDEMIAQY  : 0.7261098666666667
NLVPMVATV  : 0.5881853581592267
NQKLIANQF  : 0.5549027498323273
NYNYLYRLF  : 0.8238636363636364
RAQAPPPSW  : 0.6717421124828533
SPRWYFYYL  : 0.6568629747626187
TPRVTGGGAM : 0.6423888002835372
TTDPSFLGRY : 0.7019094574918853
YLQPRTFLL  : 0.6247339039220533
Macro AUC : 0.6813436855113131
