
== ROC AUC@0.1 Scores ==
EPLPQGQLTAY : 0.8153865045104876
GILGFVFTL  : 0.748404069811521
GLCTLVAML  : 0.6943695115651725
IPSINVHHY  : 0.4971247806499258
IVTDFSVIK  : 0.5277967646388699
NLVPMVATV  : 0.6511428524450771
QIKVRVDMV  : 1.0
RAKFKQLL   : 0.5801761212369445
RPHERNGFTVL : 0.5975596160382067
RPPIFIRRL  : 0.6033670990127906
TDLGQNLLY  : 1.0
TPRVTGGGAM : 0.8719543224879924
VLEETSVML  : 1.0
VTEHDTLLY  : 0.9798203823614606
YLQPRTFLL  : 0.7189275289698762
YVLDHLIVV  : 0.7380475805465139

Macro Auc@0.1 : 0.7515048208921775
Estimated Macro Auc@0.1 : 0.701203856713742
