
== ROC AUC@0.1 Scores ==
EPLPQGQLTAY : 0.8262892001798329
GILGFVFTL  : 0.7639653368512032
GLCTLVAML  : 0.6991287743167443
IPSINVHHY  : 0.49831842978806123
IVTDFSVIK  : 0.5331228727864648
NLVPMVATV  : 0.63718820861678
QIKVRVDMV  : 1.0
RAKFKQLL   : 0.5586552226217972
RPHERNGFTVL : 0.5930517154765255
RPPIFIRRL  : 0.6064987442482905
TDLGQNLLY  : 0.9831847990583488
TPRVTGGGAM : 0.8693436290878254
VLEETSVML  : 1.0
VTEHDTLLY  : 0.9724535564348338
YLQPRTFLL  : 0.7187975885015749
YVLDHLIVV  : 0.7492339137156179

Macro Auc@0.1 : 0.7505769994802438
Estimated Macro Auc@0.1 : 0.7004615995841951
