
== ROC AUC Score ==
All        : 0.615343156576393
ATDALMTGF  : 0.5011072886564836
CINGVCWTV  : 0.44072747184410455
GILGFVFTL  : 0.7188480677711198
GLCTLVAML  : 0.5883903398303044
GPRLGVRAT  : 0.46297196564576243
HPVTKYIM   : 0.42180134680134684
KSKRTPMGF  : 0.43707128329048467
LLWNGPMAV  : 0.6149589874740832
LTDEMIAQY  : 0.5133482666666667
NLVPMVATV  : 0.47738889145387575
NQKLIANQF  : 0.42469036440867425
NYNYLYRLF  : 0.9147050865800865
RAQAPPPSW  : 0.6760631001371742
SPRWYFYYL  : 0.420248209228719
TPRVTGGGAM : 0.4730418217260322
TTDPSFLGRY : 0.5513616055293765
YLQPRTFLL  : 0.5883145982337581
