
== ROC AUC Score ==
All        : 0.6483692001324707
ATDALMTGF  : 0.617124902527407
CINGVCWTV  : 0.4573849664624051
GILGFVFTL  : 0.747529989366478
GLCTLVAML  : 0.5836002151908223
GPRLGVRAT  : 0.4926592124453087
HPVTKYIM   : 0.4504208754208754
KSKRTPMGF  : 0.5789169765380471
LLWNGPMAV  : 0.608261468410493
LTDEMIAQY  : 0.5255445333333334
NLVPMVATV  : 0.48713549821112034
NQKLIANQF  : 0.4381757209926223
NYNYLYRLF  : 0.6803300865800865
RAQAPPPSW  : 0.5227709190672154
SPRWYFYYL  : 0.48464309511910714
TPRVTGGGAM : 0.45718146376041113
TTDPSFLGRY : 0.5936791502737037
YLQPRTFLL  : 0.6305290930220813
Macro AUC : 0.6305290930220813
