
== ROC AUC Score ==
All        : 0.6480718234701646
ATDALMTGF  : 0.5281803586991421
CINGVCWTV  : 0.5197657642288279
GILGFVFTL  : 0.7358088921335444
GLCTLVAML  : 0.5798445765215814
GPRLGVRAT  : 0.511780910711392
HPVTKYIM   : 0.4977904040404041
KSKRTPMGF  : 0.6559232328136321
LLWNGPMAV  : 0.6068337040171631
LTDEMIAQY  : 0.5665642666666667
NLVPMVATV  : 0.5412520871225595
NQKLIANQF  : 0.5181310082718533
NYNYLYRLF  : 0.8104707792207793
RAQAPPPSW  : 0.636968449931413
SPRWYFYYL  : 0.5445037897717808
TPRVTGGGAM : 0.6199051922736133
TTDPSFLGRY : 0.5387768870408679
YLQPRTFLL  : 0.6020848211900234
