
== ROC AUC@0.1 Scores ==
EPLPQGQLTAY : 0.8005081761938128
GILGFVFTL  : 0.799902197152345
GLCTLVAML  : 0.6683375104427736
IPSINVHHY  : 0.4920990883779414
IVTDFSVIK  : 0.6074417533994311
NLVPMVATV  : 0.6001909535744122
QIKVRVDMV  : 0.9837556855100715
RAKFKQLL   : 0.6371866110392965
RPHERNGFTVL : 0.749021308285875
RPPIFIRRL  : 0.5702762653760839
TDLGQNLLY  : 0.8291458504804132
TPRVTGGGAM : 0.7743999487045519
VLEETSVML  : 1.0
VTEHDTLLY  : 0.7387902685348254
YLQPRTFLL  : 0.6910528401860776
YVLDHLIVV  : 0.491437385428348

Macro Auc@0.1 : 0.7145966151678913
Estimated Macro Auc@0.1 : 0.671677292134313
