
== ROC AUC Score ==
All        : 0.5352184922433498
ATDALMTGF  : 0.5663611760928398
CINGVCWTV  : 0.5464803640202556
GILGFVFTL  : 0.49905283878450635
GLCTLVAML  : 0.6013297302619411
GPRLGVRAT  : 0.474639442553881
HPVTKYIM   : 0.49970538720538715
KSKRTPMGF  : 0.5682158396686858
LLWNGPMAV  : 0.4980542553819649
LTDEMIAQY  : 0.6012138666666667
NLVPMVATV  : 0.5448751490853437
NQKLIANQF  : 0.5322602280348759
NYNYLYRLF  : 0.6328237734487735
RAQAPPPSW  : 0.6004115226337448
SPRWYFYYL  : 0.4954658087622855
TPRVTGGGAM : 0.5843522948786106
TTDPSFLGRY : 0.5562657260576688
YLQPRTFLL  : 0.5544329447236688
