
== ROC AUC Score ==
All        : 0.6419481901204139
ATDALMTGF  : 0.6110444475024082
CINGVCWTV  : 0.5072317015342085
GILGFVFTL  : 0.705881956601239
GLCTLVAML  : 0.5812395248593742
GPRLGVRAT  : 0.5538810565548533
HPVTKYIM   : 0.5734638047138048
KSKRTPMGF  : 0.6507519668097408
LLWNGPMAV  : 0.5499315515662316
LTDEMIAQY  : 0.6071882666666666
NLVPMVATV  : 0.5349384171950359
NQKLIANQF  : 0.510833892242343
NYNYLYRLF  : 0.879825036075036
RAQAPPPSW  : 0.5137860082304527
SPRWYFYYL  : 0.5243472013993004
TPRVTGGGAM : 0.7529461279461279
TTDPSFLGRY : 0.6006616489571035
YLQPRTFLL  : 0.5530439972083803
