
== ROC AUC Score ==
All        : 0.7097442782953254
ATDALMTGF  : 0.6256979037658823
CINGVCWTV  : 0.6104616383663115
GILGFVFTL  : 0.7696414562000883
GLCTLVAML  : 0.7243998539966638
GPRLGVRAT  : 0.5196564576243721
HPVTKYIM   : 0.7019149831649831
KSKRTPMGF  : 0.6867135979285512
LLWNGPMAV  : 0.6521533931704
LTDEMIAQY  : 0.6515754666666667
NLVPMVATV  : 0.5565064702334723
NQKLIANQF  : 0.5127654817795663
NYNYLYRLF  : 0.9527417027417027
RAQAPPPSW  : 0.8532921810699589
SPRWYFYYL  : 0.6066484986673331
TPRVTGGGAM : 0.4794657097288676
TTDPSFLGRY : 0.6236092872804375
YLQPRTFLL  : 0.6094258562836372
