
== ROC AUC Score ==
All        : 0.6873088333891427
ATDALMTGF  : 0.6448658318425761
CINGVCWTV  : 0.5667375666005362
GILGFVFTL  : 0.7621329418229372
GLCTLVAML  : 0.6964319215094581
GPRLGVRAT  : 0.47768595041322315
HPVTKYIM   : 0.5188762626262626
KSKRTPMGF  : 0.7745074240401343
LLWNGPMAV  : 0.6596129951937432
LTDEMIAQY  : 0.5694848
NLVPMVATV  : 0.5452932961287413
NQKLIANQF  : 0.5101006036217304
NYNYLYRLF  : 0.8298836580086579
RAQAPPPSW  : 0.7565157750342935
SPRWYFYYL  : 0.5867365796268532
TPRVTGGGAM : 0.543505227715754
TTDPSFLGRY : 0.5583342440534993
YLQPRTFLL  : 0.6212795449604571
