
== ROC AUC Score ==
All        : 0.6629924333707515
ATDALMTGF  : 0.5632649878445943
CINGVCWTV  : 0.5945317623448892
GILGFVFTL  : 0.7496931138086398
GLCTLVAML  : 0.5306582612741231
GPRLGVRAT  : 0.4473181007940366
HPVTKYIM   : 0.5574705387205388
KSKRTPMGF  : 0.6286913313251461
LLWNGPMAV  : 0.5699337375608738
LTDEMIAQY  : 0.6104799999999999
NLVPMVATV  : 0.5939153400446394
NQKLIANQF  : 0.46029957522915266
NYNYLYRLF  : 0.6347628066378066
RAQAPPPSW  : 0.6543895747599451
SPRWYFYYL  : 0.5809152715309012
TPRVTGGGAM : 0.4318846358320043
TTDPSFLGRY : 0.5616660456559078
YLQPRTFLL  : 0.5026761494224127
