
== ROC AUC Score ==
All        : 0.6985982129760802
ATDALMTGF  : 0.567233613137012
CINGVCWTV  : 0.5596480318160014
GILGFVFTL  : 0.7739485095532973
GLCTLVAML  : 0.6618306387912058
GPRLGVRAT  : 0.7271754982984929
HPVTKYIM   : 0.585374579124579
KSKRTPMGF  : 0.6948603647838991
LLWNGPMAV  : 0.6206862934366977
LTDEMIAQY  : 0.6171146666666666
NLVPMVATV  : 0.619391403406895
NQKLIANQF  : 0.5516476637603398
NYNYLYRLF  : 0.7506989538239538
RAQAPPPSW  : 0.7528120713305898
SPRWYFYYL  : 0.687135598867233
TPRVTGGGAM : 0.47738348396243135
TTDPSFLGRY : 0.6206476181297279
YLQPRTFLL  : 0.5768575323997951
