
== ROC AUC Score ==
All        : 0.7076054050666039
ATDALMTGF  : 0.6973001238475299
CINGVCWTV  : 0.6153295195956228
GILGFVFTL  : 0.7596173266218349
GLCTLVAML  : 0.784846210854186
GPRLGVRAT  : 0.4828714957057203
HPVTKYIM   : 0.5996001683501683
KSKRTPMGF  : 0.7653988605560399
LLWNGPMAV  : 0.6954722271893343
LTDEMIAQY  : 0.6688042666666667
NLVPMVATV  : 0.5499807915000239
NQKLIANQF  : 0.4699843505477308
NYNYLYRLF  : 0.8354752886002886
RAQAPPPSW  : 0.8010288065843622
SPRWYFYYL  : 0.6114312635348993
TPRVTGGGAM : 0.4954589757221336
TTDPSFLGRY : 0.6013547643715944
YLQPRTFLL  : 0.6152230380034893
