
== ROC AUC@0.1 Scores ==
EPLPQGQLTAY : 0.976211715730003
GILGFVFTL  : 0.8212254924259654
GLCTLVAML  : 0.6877909058360187
IPSINVHHY  : 0.9640740075444584
IVTDFSVIK  : 0.4852759828343116
NLVPMVATV  : 0.5669910707504693
QIKVRVDMV  : 0.9512670565302144
RAKFKQLL   : 0.6379013533134431
RPHERNGFTVL : 0.589133944201949
RPPIFIRRL  : 0.585672098528508
TDLGQNLLY  : 0.8028298490926706
TPRVTGGGAM : 0.7092399559504823
VLEETSVML  : 1.0
VTEHDTLLY  : 0.8627869644499166
YLQPRTFLL  : 0.6948077685295284
YVLDHLIVV  : 0.49552838071736516

Macro Auc@0.1 : 0.7394210341522065
Estimated Macro Auc@0.1 : 0.6915368273217652
