
== ROC AUC Score ==
All        : 0.7137922694226371
ATDALMTGF  : 0.6776221274253473
CINGVCWTV  : 0.6235549667100504
GILGFVFTL  : 0.7704803135287066
GLCTLVAML  : 0.8016856023058947
GPRLGVRAT  : 0.6424890617403987
HPVTKYIM   : 0.6307870370370371
KSKRTPMGF  : 0.8239912169393903
LLWNGPMAV  : 0.6215520226941421
LTDEMIAQY  : 0.7261248000000001
NLVPMVATV  : 0.588182124830756
NQKLIANQF  : 0.5549027498323272
NYNYLYRLF  : 0.8236607142857142
RAQAPPPSW  : 0.6717421124828532
SPRWYFYYL  : 0.6568772905214059
TPRVTGGGAM : 0.6424552542973596
TTDPSFLGRY : 0.7018892710567107
YLQPRTFLL  : 0.6247378993281292
Macro AUC : 0.6813436855113131
