
== ROC AUC Score ==
All        : 0.7081393590987947
ATDALMTGF  : 0.6795862575111233
CINGVCWTV  : 0.6256574294967571
GILGFVFTL  : 0.7614043700808822
GLCTLVAML  : 0.7814687749335512
GPRLGVRAT  : 0.5205963377086371
HPVTKYIM   : 0.5755260942760942
KSKRTPMGF  : 0.7728927826633858
LLWNGPMAV  : 0.5910997353773919
LTDEMIAQY  : 0.6901962666666667
NLVPMVATV  : 0.5862916934093638
NQKLIANQF  : 0.6177509501453163
NYNYLYRLF  : 0.859352453102453
RAQAPPPSW  : 0.8078189300411522
SPRWYFYYL  : 0.6503310844577711
TPRVTGGGAM : 0.6059276980329611
TTDPSFLGRY : 0.7127296735864189
YLQPRTFLL  : 0.6270362337988825
Macro AUC : 0.6744509861934593
