
== ROC AUC@0.1 Scores ==
EPLPQGQLTAY : 0.7567799751228155
GILGFVFTL  : 0.8289821049839141
GLCTLVAML  : 0.6992689768804814
IPSINVHHY  : 0.49831842978806123
IVTDFSVIK  : 0.6021621426603544
NLVPMVATV  : 0.6609505661677892
QIKVRVDMV  : 1.0
RAKFKQLL   : 0.6488236185652219
RPHERNGFTVL : 0.5910195383715177
RPPIFIRRL  : 0.6425772953086057
TDLGQNLLY  : 0.9383442632139454
TPRVTGGGAM : 0.7085106634510805
VLEETSVML  : 1.0
VTEHDTLLY  : 0.983370575401839
YLQPRTFLL  : 0.7635672772070436
YVLDHLIVV  : 0.49016018306636155

Macro Auc@0.1 : 0.7383022256368145
Estimated Macro Auc@0.1 : 0.6906417805094516
