
== ROC AUC@0.1 Scores ==
EPLPQGQLTAY : 0.9702646446625038
GILGFVFTL  : 0.803200200154665
GLCTLVAML  : 0.6165413533834586
IPSINVHHY  : 0.4935768303454054
IVTDFSVIK  : 0.610182125103449
NLVPMVATV  : 0.589992296759214
QIKVRVDMV  : 1.0
RAKFKQLL   : 0.6105573560253794
RPHERNGFTVL : 0.6922708144420746
RPPIFIRRL  : 0.6342677742725247
TDLGQNLLY  : 0.808434916073221
TPRVTGGGAM : 0.7953576860106923
VLEETSVML  : 1.0
VTEHDTLLY  : 0.8199273724732323
YLQPRTFLL  : 0.6530863424911864
YVLDHLIVV  : 0.49412189209693635

Macro Auc@0.1 : 0.7244863502683714
Estimated Macro Auc@0.1 : 0.6795890802146971
