
== ROC AUC@0.1 Scores ==
ALSKGVHFV  : 0.5
ATDALMTGF  : 0.5789473684210527
AVFDRKSDAK : 0.5321637426900585
AYAQKIFKI  : 0.4784249226006192
CINGVCWTV  : 0.5628471764205836
CVNGSCFTV  : 0.5
DATYQRTRALVR : 0.4784249226006192
EAAGIGILTV : 0.5
ELAGIGILTV : 0.6181440443213296
EPLPQGQLTAY : 0.5
FLASKIGRLV : 0.5
FLYALALLL  : 1.0
FTSDYYQLY  : 0.5
GILGFVFTL  : 0.7435897435897436
GLCTLVAML  : 0.7326649958228906
GPRLGVRAT  : 0.7426918589577391
HPVTKYIM   : 0.5
HWFVTQRNFYEPQII : 0.4768170426065163
IVTDFSVIK  : 0.7491776315789473
KLGGALQAK  : 0.5679197994987468
KLSALGINAV : 0.5
KSKRTPMGF  : 0.5
LLDFVRFMGV : 0.4759976865240023
LLFGYPVYV  : 0.47368421052631576
LLWNGPMAV  : 0.5778508771929824
LTDEMIAQY  : 0.579585326953748
MTLHGHMMY  : 0.5
NCTFEYVSQPFLMDL : 1.0
NLVPMVATV  : 0.5087719298245614
NQKLIANQF  : 0.5
NYNYLYRLF  : 0.47368421052631576
PKYVKQNTLKLAT : 0.47368421052631576
PTDNYITTY  : 1.0
QIKVRVDMV  : 0.5
QYIKWPWYI  : 0.5
RAKFKQLL   : 0.6369395711500975
RAQAPPPSW  : 0.5
RLGPVQNEV  : 0.5
RLPGVLPRA  : 0.5
RLRAEAQVK  : 0.5321637426900585
RMFPNAPYL  : 0.5
RPRGEVRFL  : 0.5
RTLNAWVKV  : 0.4768170426065163
RVAGDSGFAAY : 0.5
SLFNTVATLY : 0.4776315789473684
SPRWYFYYL  : 0.625
TAFTIPSI   : 0.5
TTDPSFLGRY : 0.5263157894736842
VAANIVLTV  : 0.5
VGGNYNYLYRLFRKS : 0.4776315789473684
VYFLQSINF  : 0.5
YLQPRTFLL  : 0.7129186602870813
YVLDHLIVV  : 0.5

Macro Auc@0.1 : 0.5620847106657596
Estimated Macro Auc@0.1 : 0.5577278888646537
