
== ROC AUC@0.1 Scores ==
EPLPQGQLTAY : 0.8242964604638098
GILGFVFTL  : 0.8087442569258063
GLCTLVAML  : 0.6750208855472013
IPSINVHHY  : 0.4935768303454054
IVTDFSVIK  : 0.6234181204338556
NLVPMVATV  : 0.6153804424481116
QIKVRVDMV  : 0.9837556855100715
RAKFKQLL   : 0.6843085481133868
RPHERNGFTVL : 0.5910195383715177
RPPIFIRRL  : 0.5832030834662414
TDLGQNLLY  : 0.7951273099396706
TPRVTGGGAM : 0.7873989218328841
VLEETSVML  : 1.0
VTEHDTLLY  : 0.71790595826255
YLQPRTFLL  : 0.7012745895654713
YVLDHLIVV  : 0.48892690046911796

Macro Auc@0.1 : 0.7108348457309438
Estimated Macro Auc@0.1 : 0.668667876584755
